4	169561479	169562196	circular_RNA/1	0	-	169561479	169561479	0,0,0	4	75,51,60,60	0,207,352,657	1	circRNA	NEK1	NM_001199397	16,15,14,13	4:169556095-169561479|4:169562196-169576927
7	1489292	1489343	circular_RNA/3	1	-	1489292	1489292	0,0,0	1	51	0	3	ciRNA	INTS1	NM_001080453	18	7:1487957-1489343
8	124555741	124555904	circular_RNA/1	0	-	124555741	124555741	0,0,0	1	163	0	1	circRNA	MTSS1	NM_001363294	13	8:124553692-124555741|8:124555904-124556231
5	73074741	73077493	circular_RNA/1	0	+	73074741	73074741	0,0,0	2	112,156	0,2596	1	circRNA	FCHO2	NM_001146032	19,20	5:73068779-73074741|5:73077493-73078179
19	39453355	39453521	circular_RNA/1	0	+	39453355	39453355	0,0,0	1	166	0	1	circRNA	SUPT5H	NM_001130825	3	19:39445965-39453355|19:39453521-39457674
9	123757702	123879021	circular_RNA/2	0	-	123757702	123757702	0,0,0	4	120,50,44,71	0,11811,34884,121248	2	circRNA	DENND1A	NM_001352964	5,4,3,2	9:123676789-123757702|9:123879021-123929888
9	137050067	137050283	circular_RNA/1	0	-	137050067	137050067	0,0,0	1	216	0	1	ciRNA	ENTPD2	NM_001246	6	9:137049989-137050283
2	72731006	72733118	circular_RNA/1	0	-	72731006	72731006	0,0,0	3	46,91,48	0,148,2064	1	circRNA	EXOC6B	NM_001321729	5,4,3	2:72718307-72731006|2:72733118-72741303
2	109564365	109565859	circular_RNA/2	0	-	109564365	109564365	0,0,0	2	169,97	0,1397	2	circRNA	SEPTIN10	NM_001321513	8,7	2:109553219-109564365|2:109565859-109567814
3	52678499	52679726	circular_RNA/1	0	-	52678499	52678499	0,0,0	2	98,153	0,1074	1	circRNA	PBRM1	NM_001350074	5,4	3:52668645-52678499|3:52679726-52681694
3	63912587	63913225	circular_RNA/1	0	+	63912587	63912587	0,0,0	2	336,69	0,569	1	circRNA	ATXN7	NM_001377405	3,4	3:63898497-63912587|3:63913225-63952378
3	127674390	127674600	circular_RNA/3	0	+	127674390	127674390	0,0,0	2	28,56	0,154	3	circRNA	ABTB1	NR_033429	2,3	3:127673081-127674390|3:127674600-127675969
3	196391812	196403019	circular_RNA/2	0	-	196391812	196391812	0,0,0	3	113,66,68	0,1741,11139	2	circRNA	UBXN7	NM_015562	5,4,3	3:196372042-196391812|3:196403019-196407245
10	103622469	103661114	circular_RNA/1	0	-	103622469	103622469	0,0,0	3	84,114,132	0,4619,38513	1	circRNA	SH3PXD2A	NM_001365079	4,3,2	10:103617314-103622469|10:103661114-103678080
